# Index	SPI_SensorBufMag.DATA.MAG.i16XOut	SPI_SensorBufMag.DATA.MAG.i16YOut	SPI_SensorBufMag.DATA.MAG.i16ZOut
-------	---------------------------------	---------------------------------	---------------------------------
0	556	2613	1600
1	563	2665	1657
2	588	2674	1642
3	602	2732	1696
4	586	2751	1689
5	586	2751	1689
6	557	2752	1653
7	584	2795	1669
8	571	2798	1682
9	571	2798	1682
10	578	2762	1747
11	572	2824	1785
12	596	2853	1754
13	601	2842	1688
14	601	2842	1688
15	635	2780	1692
16	619	2838	1657
17	661	2891	1545
18	661	2891	1545
19	727	2915	1396
20	776	2916	1179
21	846	2897	956
22	845	2882	746
23	845	2882	746
24	874	2846	569
25	895	2833	430
26	920	2767	365
27	920	2767	365
28	884	2764	247
29	843	2684	182
30	819	2658	159
31	811	2638	60
32	811	2638	60
33	747	2518	77
34	705	2440	45
35	599	2341	-31
36	599	2341	-31
37	580	2295	-57
38	518	2214	-160
39	496	2156	-217
40	431	2102	-216
41	431	2102	-216
42	398	2064	-245
43	369	2051	-258
44	344	1990	-268
45	344	1990	-268
46	280	1913	-371
47	212	1876	-430
48	155	1830	-498
49	64	1779	-604
50	64	1779	-604
51	-27	1759	-641
52	-157	1731	-762
53	-264	1690	-825
54	-264	1690	-825
55	-331	1688	-936
56	-409	1695	-1029
57	-511	1721	-1111
58	-640	1736	-1236
59	-640	1736	-1236
60	-776	1714	-1289
61	-855	1705	-1315
62	-984	1739	-1362
63	-984	1739	-1362
64	-1068	1790	-1435
65	-1129	1825	-1422
66	-1167	1883	-1455
67	-1292	1916	-1478
68	-1292	1916	-1478
69	-1404	1959	-1535
70	-1540	2007	-1548
71	-1655	2052	-1592
72	-1655	2052	-1592
73	-1769	2071	-1630
74	-1881	2137	-1590
75	-1977	2207	-1654
76	-2087	2251	-1651
77	-2087	2251	-1651
78	-2175	2377	-1666
79	-2272	2438	-1693
80	-2385	2516	-1645
81	-2385	2516	-1645
82	-2497	2534	-1633
83	-2621	2557	-1535
84	-2727	2588	-1586
85	-2782	2576	-1457
86	-2782	2576	-1457
87	-2855	2658	-1461
88	-2945	2685	-1361
89	-3047	2745	-1361
90	-3047	2745	-1361
91	-3174	2894	-1368
92	-3281	2941	-1339
93	-3350	3031	-1364
94	-3413	3031	-1324
95	-3413	3031	-1324
96	-3525	3084	-1296
97	-3569	3155	-1249
98	-3658	3191	-1193
99	-3658	3191	-1193
100	-3685	3263	-1152
101	-3749	3311	-1173
102	-3804	3357	-1101
103	-3888	3430	-1084
104	-3888	3430	-1084
105	-3966	3492	-1050
106	-4025	3579	-1018
107	-4086	3676	-941
108	-4086	3676	-941
109	-4109	3729	-918
110	-4149	3714	-871
111	-4152	3751	-876
112	-4129	3754	-828
113	-4129	3754	-828
114	-4182	3729	-762
115	-4204	3739	-790
116	-4218	3765	-723
117	-4218	3765	-723
118	-4209	3840	-718
119	-4249	3869	-659
120	-4312	3964	-580
121	-4312	3964	-580
122	-4379	4029	-492
123	-4418	4128	-450
124	-4468	4222	-321
125	-4510	4322	-322
126	-4510	4322	-322
127	-4518	4388	-190
128	-4526	4489	-136
129	-4524	4590	-23
130	-4538	4689	28
131	-4538	4689	28
132	-4536	4739	160
133	-4515	4896	198
134	-4503	4969	271
135	-4503	4969	271
136	-4497	5008	274
137	-4472	5123	407
138	-4433	5168	437
139	-4422	5209	484
140	-4422	5209	484
141	-4355	5264	577
142	-4287	5310	650
143	-4260	5362	733
144	-4260	5362	733
145	-4196	5398	824
146	-4145	5477	836
147	-4082	5503	879
148	-4032	5535	972
149	-4032	5535	972
150	-3987	5569	1007
151	-3964	5590	1030
152	-3882	5612	1032
153	-3882	5612	1032
154	-3857	5614	1069
155	-3809	5671	1104
156	-3747	5713	1097
157	-3760	5681	1200
158	-3760	5681	1200
159	-3741	5650	1257
160	-3697	5618	1320
161	-3685	5598	1330
162	-3685	5598	1330
163	-3737	5581	1300
164	-3756	5611	1344
165	-3803	5550	1343
166	-3861	5512	1384
167	-3861	5512	1384
168	-3864	5599	1462
169	-3860	5556	1456
170	-3840	5578	1511
171	-3840	5578	1511
172	-3864	5569	1557
173	-3839	5550	1648
174	-3824	5576	1661
175	-3812	5543	1755
176	-3812	5543	1755
177	-3791	5552	1825
178	-3724	5577	1879
179	-3674	5608	1962
180	-3674	5608	1962
181	-3550	5675	2054
182	-3467	5712	2087
183	-3341	5790	2132
184	-3226	5864	2109
185	-3226	5864	2109
186	-3090	5925	2057
187	-2954	5995	1964
188	-2832	6076	1870
189	-2832	6076	1870
190	-2729	6163	1819
191	-2578	6215	1768
192	-2514	6287	1699
193	-2350	6318	1604
194	-2350	6318	1604
195	-2293	6381	1520
196	-2208	6408	1500
197	-2145	6442	1332
198	-2145	6442	1332
199	-2060	6477	1261
200	-2008	6447	1235
201	-1907	6494	1175
202	-1907	6494	1175
203	-1900	6463	1150
204	-1867	6479	1171
205	-1859	6499	1129
206	-1953	6526	1111
207	-1953	6526	1111
208	-2010	6521	1178
209	-2086	6546	1165
210	-2164	6585	1173
211	-2164	6585	1173
212	-2175	6590	1160
213	-2191	6603	1180
214	-2181	6622	1157
215	-2190	6621	1108
216	-2190	6621	1108
217	-2199	6625	1156
218	-2175	6627	1208
219	-2155	6618	1310
220	-2155	6618	1310
221	-2169	6599	1348
222	-2153	6548	1463
223	-2113	6502	1604
224	-2073	6450	1757
225	-2073	6450	1757
226	-1981	6400	1861
227	-1888	6311	2049
228	-1786	6215	2176
229	-1786	6215	2176
230	-1780	6164	2248
231	-1709	6025	2361
232	-1726	5983	2446
233	-1739	5907	2558
234	-1739	5907	2558
235	-1792	5822	2734
236	-1841	5691	2864
237	-1916	5589	2985
238	-1916	5589	2985
239	-1956	5494	3092
240	-1966	5371	3181
241	-1959	5268	3271
242	-1947	5176	3335
243	-1947	5176	3335
244	-1999	5048	3366
245	-2009	4923	3482
246	-2075	4795	3565
247	-2075	4795	3565
248	-2144	4560	3614
249	-2228	4346	3746
250	-2342	4061	3817
251	-2448	3786	3796
252	-2448	3786	3796
253	-2558	3467	3852
254	-2723	3147	3818
255	-2909	2801	3730
256	-2909	2801	3730
257	-3117	2464	3555
258	-3252	2201	3389
259	-3370	1950	3213
260	-3416	1792	3077
261	-3416	1792	3077
262	-3431	1658	2959
263	-3420	1520	2848
264	-3396	1425	2740
265	-3396	1425	2740
266	-3413	1324	2621
267	-3366	1207	2511
268	-3378	1119	2419
269	-3352	1006	2300
270	-3352	1006	2300
271	-3378	964	2227
272	-3344	926	2140
273	-3361	814	1998
274	-3361	814	1998
275	-3335	716	1843
276	-3272	634	1650
277	-3222	537	1351
278	-3246	485	1084
279	-3246	485	1084
280	-3223	515	889
281	-3298	498	689
282	-3305	502	647
283	-3305	502	647
284	-3347	514	439
285	-3342	565	283
286	-3337	549	124
287	-3324	575	-31
288	-3324	575	-31
289	-3364	682	-309
290	-3463	758	-520
291	-3563	944	-762
292	-3563	944	-762
293	-3679	1126	-976
294	-3739	1312	-1197
295	-3796	1554	-1378
296	-3838	1745	-1525
297	-3838	1745	-1525
298	-3863	1928	-1594
299	-3861	2087	-1636
300	-3898	2115	-1627
301	-3898	2115	-1627
302	-3933	2189	-1630
303	-3908	2247	-1700
304	-3910	2304	-1758
305	-3845	2406	-1757
306	-3845	2406	-1757
307	-3869	2474	-1837
308	-3888	2539	-1824
309	-3940	2671	-1814
310	-3940	2671	-1814
311	-4008	2757	-1809
312	-4102	2850	-1737
313	-4214	2979	-1665
314	-4326	3090	-1641
315	-4326	3090	-1641
316	-4396	3277	-1620
317	-4392	3479	-1549
318	-4396	3704	-1543
319	-4396	3704	-1543
320	-4389	3892	-1535
321	-4409	4039	-1460
322	-4420	4205	-1368
323	-4447	4386	-1258
324	-4447	4386	-1258
325	-4442	4557	-1148
326	-4476	4712	-954
327	-4505	4818	-876
328	-4505	4818	-876
329	-4453	4899	-750
330	-4454	4960	-607
331	-4504	5063	-466
332	-4494	5094	-282
333	-4494	5094	-282
334	-4420	5171	-172
335	-4381	5255	-138
336	-4324	5319	-67
337	-4324	5319	-67
338	-4254	5391	6
339	-4227	5442	97
340	-4166	5458	111
341	-4138	5449	194
342	-4138	5449	194
343	-4127	5488	277
344	-4101	5551	323
345	-4046	5566	321
346	-4046	5566	321
347	-4015	5640	333
348	-3963	5651	340
349	-3930	5689	363
350	-3838	5754	419
351	-3838	5754	419
352	-3849	5803	491
353	-3773	5821	548
354	-3703	5810	644
355	-3703	5810	644
356	-3668	5821	697
357	-3649	5832	747
358	-3589	5823	867
359	-3621	5788	959
360	-3621	5788	959
361	-3575	5799	997
362	-3509	5822	1105
363	-3435	5802	1163
364	-3435	5802	1163
365	-3375	5838	1279
366	-3311	5814	1341
367	-3269	5799	1456
368	-3181	5796	1532
369	-3181	5796	1532
370	-3108	5823	1637
371	-3012	5813	1731
372	-2969	5797	1738
373	-2969	5797	1738
374	-2922	5815	1784
375	-2916	5766	1849
376	-2864	5754	1877
377	-2855	5758	1948
378	-2855	5758	1948
379	-2774	5736	1982
380	-2717	5735	2023
381	-2672	5702	2017
382	-2672	5702	2017
383	-2606	5680	2039
384	-2524	5670	2027
385	-2439	5672	2055
386	-2315	5635	2032
387	-2315	5635	2032
388	-2247	5670	2097
389	-2114	5646	2073
390	-1960	5652	2069
391	-1960	5652	2069
392	-1817	5683	1988
393	-1657	5681	1893
394	-1472	5735	1762
395	-1352	5739	1636
396	-1352	5739	1636
397	-1253	5720	1554
398	-1143	5722	1497
399	-1024	5692	1391
400	-1024	5692	1391
401	-909	5660	1265
402	-751	5619	1152
403	-583	5537	1063
404	-382	5412	943
405	-382	5412	943
406	-191	5279	784
407	-22	5155	639
408	112	4984	495
409	112	4984	495
410	202	4860	381
411	293	4709	327
412	352	4593	162
413	440	4520	120
414	440	4520	120
415	505	4348	10
416	567	4189	-36
417	608	3995	-81
418	608	3995	-81
419	682	3813	-154
420	735	3604	-167
421	782	3433	-142
422	776	3303	-226
423	776	3303	-226
424	764	3151	-212
425	747	3048	-314
426	755	2974	-356
427	755	2974	-356
428	731	2843	-409
429	739	2785	-442
430	686	2676	-495
431	641	2537	-530
432	641	2537	-530
433	583	2386	-582
434	536	2247	-665
435	474	2122	-634
436	474	2122	-634
437	409	1975	-697
438	325	1895	-710
439	290	1855	-737
440	274	1799	-753
441	274	1799	-753
442	246	1733	-711
443	195	1628	-660
444	177	1538	-611
445	177	1538	-611
446	106	1471	-663
447	10	1409	-701
448	-123	1328	-741
449	-212	1274	-776
450	-212	1274	-776
451	-277	1225	-795
452	-343	1219	-799
453	-420	1163	-763
454	-420	1163	-763
455	-531	1099	-767
456	-652	1045	-789
457	-749	990	-804
458	-867	968	-811
459	-867	968	-811
460	-1040	930	-796
461	-1189	860	-855
462	-1297	873	-864
463	-1297	873	-864
464	-1443	852	-893
465	-1482	828	-887
466	-1557	784	-865
467	-1557	784	-865
468	-1598	813	-875
469	-1611	832	-879
470	-1621	788	-808
471	-1619	775	-802
472	-1619	775	-802
473	-1665	803	-852
474	-1682	801	-938
475	-1719	811	-927
476	-1754	855	-998
477	-1754	855	-998
478	-1818	870	-961
479	-1916	848	-989
480	-2032	898	-1011
481	-2032	898	-1011
482	-2115	947	-1064
483	-2221	1038	-1091
484	-2298	1153	-1213
485	-2298	1153	-1213
486	-2369	1315	-1303
487	-2455	1477	-1392
488	-2501	1609	-1397
489	-2524	1701	-1496
490	-2524	1701	-1496
491	-2524	1744	-1543
492	-2473	1824	-1677
493	-2383	1989	-1753
494	-2383	1989	-1753
495	-2292	2173	-1866
496	-2197	2364	-1979
497	-2065	2600	-2048
498	-1972	2796	-2123
499	-1972	2796	-2123
500	-1919	2966	-2080
501	-1902	3086	-2118
502	-1889	3202	-2149
503	-1889	3202	-2149
504	-1850	3338	-2183
505	-1847	3491	-2177
506	-1821	3606	-2168
507	-1810	3684	-2178
508	-1810	3684	-2178
509	-1756	3737	-2164
510	-1747	3846	-2165
511	-1730	3881	-2168
512	-1730	3881	-2168
513	-1765	3942	-2154
514	-1735	4056	-2113
515	-1712	4159	-2125
516	-1686	4291	-2077
517	-1686	4291	-2077
518	-1656	4438	-2014
519	-1606	4519	-1998
520	-1580	4583	-1969
521	-1580	4583	-1969
522	-1566	4623	-1969
523	-1529	4736	-1943
524	-1496	4859	-1856
525	-1444	4948	-1748
526	-1444	4948	-1748
527	-1416	5064	-1673
528	-1342	5123	-1555
529	-1347	5198	-1563
530	-1347	5198	-1563
531	-1357	5238	-1568
532	-1353	5281	-1528
533	-1391	5289	-1457
534	-1400	5344	-1424
535	-1400	5344	-1424
536	-1454	5407	-1401
537	-1469	5439	-1362
538	-1490	5511	-1293
539	-1490	5511	-1293
540	-1492	5530	-1212
541	-1481	5570	-1170
542	-1475	5589	-1175
543	-1477	5664	-1057
544	-1477	5664	-1057
545	-1535	5642	-1107
546	-1546	5694	-1082
547	-1575	5693	-1046
548	-1575	5693	-1046
549	-1629	5752	-1032
550	-1582	5771	-1066
551	-1585	5767	-1013
552	-1589	5817	-983
553	-1589	5817	-983
554	-1594	5839	-907
555	-1630	5842	-919
556	-1627	5867	-897
557	-1627	5867	-897
558	-1645	5880	-813
559	-1659	5938	-752
560	-1702	6004	-663
561	-1709	6023	-575
562	-1709	6023	-575
563	-1719	6077	-425
564	-1733	6092	-316
565	-1712	6135	-143
566	-1712	6135	-143
567	-1741	6196	0
568	-1771	6237	122
569	-1773	6239	246
570	-1824	6226	279
571	-1824	6226	279
572	-1851	6190	295
573	-1911	6207	314
574	-1903	6188	382
575	-1903	6188	382
576	-1914	6169	424
577	-1949	6140	538
578	-1959	6135	668
579	-1961	6155	735
580	-1961	6155	735
581	-1864	6168	701
582	-1742	6185	694
583	-1633	6164	724
584	-1633	6164	724
585	-1504	6092	794
586	-1342	6015	911
587	-1207	5937	1064
588	-1027	5809	1194
589	-1027	5809	1194
590	-873	5693	1313
591	-747	5619	1420
592	-609	5462	1485
593	-609	5462	1485
594	-499	5318	1600
595	-405	5183	1728
596	-372	5022	1864
597	-334	4882	1959
598	-334	4882	1959
599	-347	4702	2134
600	-373	4539	2270
601	-424	4369	2410
602	-424	4369	2410
603	-538	4185	2550
604	-616	4000	2638
605	-695	3813	2735
606	-819	3600	2832
607	-819	3600	2832
608	-882	3335	2912
609	-980	3111	2955
610	-1104	2863	3057
611	-1104	2863	3057
612	-1194	2732	2977
613	-1209	2583	2994
614	-1250	2488	2961
615	-1249	2393	2947
616	-1249	2393	2947
617	-1263	2272	2926
618	-1312	2222	2931
619	-1393	2141	2900
620	-1393	2141	2900
621	-1467	2041	2901
622	-1593	1972	2909
623	-1703	1915	2929
624	-1786	1892	2936
625	-1786	1892	2936
626	-1843	1840	2988
627	-1914	1843	2962
628	-2011	1840	2989
629	-2011	1840	2989
630	-2104	1822	2939
631	-2153	1804	2941
632	-2270	1798	2935
633	-2388	1795	2895
634	-2388	1795	2895
635	-2523	1766	2849
636	-2675	1693	2868
637	-2859	1670	2765
638	-2859	1670	2765
639	-3041	1678	2671
640	-3217	1676	2624
641	-3381	1717	2568
642	-3557	1716	2489
643	-3557	1716	2489
644	-3659	1735	2433
645	-3760	1786	2358
646	-3861	1740	2271
647	-3861	1740	2271
648	-3986	1736	2172
649	-4100	1742	2056
650	-4198	1734	1904
651	-4344	1668	1782
652	-4344	1668	1782
653	-4427	1660	1661
654	-4530	1651	1437
655	-4641	1638	1289
656	-4641	1638	1289
657	-4692	1653	1196
658	-4721	1679	1102
659	-4782	1619	1038
660	-4792	1646	957
661	-4792	1646	957
662	-4802	1632	900
663	-4843	1667	831
664	-4912	1699	711
665	-4912	1699	711
666	-4991	1730	561
667	-5084	1786	490
668	-5144	1860	380
669	-5223	1928	319
670	-5223	1928	319
671	-5281	2005	236
672	-5358	2093	157
673	-5325	2086	95
674	-5325	2086	95
675	-5325	2170	5
676	-5298	2176	-86
677	-5256	2171	-157
678	-5172	2138	-258
679	-5172	2138	-258
680	-5086	2147	-300
681	-5073	2141	-398
682	-5034	2130	-393
683	-5034	2130	-393
684	-5074	2179	-420
685	-5091	2238	-460
686	-5089	2327	-541
687	-5149	2383	-599
688	-5149	2383	-599
689	-5109	2422	-676
690	-5084	2487	-730
691	-5062	2533	-801
692	-5062	2533	-801
693	-5018	2570	-904
694	-4976	2625	-1034
695	-4934	2647	-1094
696	-4859	2697	-1149
697	-4859	2697	-1149
698	-4754	2704	-1201
699	-4676	2748	-1284
700	-4659	2833	-1345
701	-4659	2833	-1345
702	-4612	2888	-1399
703	-4660	2951	-1296
704	-4693	3006	-1268
705	-4689	3027	-1300
706	-4689	3027	-1300
707	-4698	3039	-1258
708	-4620	3063	-1376
709	-4591	3121	-1406
710	-4591	3121	-1406
711	-4484	3147	-1375
712	-4432	3114	-1409
713	-4354	3104	-1480
714	-4354	3104	-1480
715	-4268	3159	-1520
716	-4200	3186	-1573
717	-4131	3262	-1638
718	-4049	3302	-1718
719	-4049	3302	-1718
720	-3899	3394	-1802
721	-3756	3427	-1840
722	-3570	3421	-1874
723	-3359	3440	-1878
724	-3359	3440	-1878
725	-3165	3445	-1998
726	-2992	3452	-1995
727	-2791	3485	-2014
728	-2791	3485	-2014
729	-2630	3529	-2003
730	-2504	3577	-1965
731	-2413	3624	-1932
732	-2305	3686	-1878
733	-2305	3686	-1878
734	-2268	3678	-1876
735	-2220	3641	-1889
736	-2147	3560	-1891
737	-2147	3560	-1891
738	-2111	3462	-1842
739	-2081	3404	-1857
740	-2040	3363	-1839
741	-1985	3422	-1864
742	-1985	3422	-1864
743	-1889	3411	-1827
744	-1808	3397	-1810
745	-1766	3379	-1803
746	-1766	3379	-1803
747	-1667	3389	-1820
748	-1574	3399	-1787
749	-1489	3358	-1773
750	-1427	3277	-1725
751	-1427	3277	-1725
752	-1338	3238	-1712
753	-1213	3142	-1680
754	-1127	3091	-1615
755	-1127	3091	-1615
756	-999	2989	-1547
757	-880	2912	-1444
758	-801	2849	-1396
759	-801	2849	-1396
760	-638	2799	-1217
761	-498	2745	-1082
762	-366	2737	-927
763	-252	2782	-803
764	-252	2782	-803
765	-126	2769	-619
766	-61	2869	-446
767	-16	2892	-284
768	-16	2892	-284
769	-6	2870	-150
770	49	2850	-30
771	29	2776	62
772	-14	2795	68
773	-14	2795	68
774	-46	2844	161
775	-72	2935	208
776	-74	2969	300
777	-74	2969	300
778	-95	2958	399
779	-24	2967	515
780	-1	2899	546
781	29	2901	658
782	29	2901	658
783	50	2898	773
784	57	2919	827
785	63	3001	916
786	63	3001	916
787	89	3079	1037
788	131	3068	1114
789	113	3036	1208
790	128	3039	1285
791	128	3039	1285
792	169	3001	1333
793	117	3007	1444
794	125	2959	1507
795	125	2959	1507
796	130	2943	1599
797	144	2906	1697
798	174	2881	1825
799	173	2911	1857
800	173	2911	1857
801	156	2890	1963
802	124	2914	2014
803	162	2963	2079
804	162	2963	2079
805	137	2986	2143
806	140	3015	2124
807	136	3084	2232
808	131	3159	2274
809	131	3159	2274
810	64	3157	2292
811	54	3140	2304
812	36	3090	2258
813	36	3090	2258
814	51	3048	2249
815	15	2987	2230
816	55	2887	2149
817	25	2806	2066
818	25	2806	2066
819	49	2717	1954
820	71	2592	1850
821	76	2517	1777
822	76	2517	1777
823	67	2405	1659
824	5	2345	1579
825	0	2215	1428
826	46	2098	1308
827	46	2098	1308
828	40	2005	1150
829	48	1942	911
830	73	1904	736
831	73	1904	736
832	61	1944	564
833	20	1954	393
834	18	1924	191
835	-32	1951	-17
836	-32	1951	-17
837	-14	1992	-194
838	-15	2061	-411
839	-52	2085	-558
840	-52	2085	-558
841	-86	2159	-691
842	-129	2230	-842
843	-180	2317	-1000
844	-223	2393	-1111
845	-223	2393	-1111
846	-288	2496	-1238
847	-357	2595	-1402
848	-479	2732	-1482
849	-479	2732	-1482
850	-532	2808	-1511
851	-641	2870	-1663
852	-745	2898	-1667
853	-835	2977	-1751
854	-835	2977	-1751
855	-888	3004	-1858
856	-986	3020	-1891
857	-1041	3088	-1923
858	-1041	3088	-1923
859	-1147	3185	-1982
860	-1217	3284	-2000
861	-1331	3346	-2016
862	-1440	3422	-2060
863	-1440	3422	-2060
864	-1569	3474	-2094
865	-1740	3567	-2096
866	-1886	3659	-2156
867	-1886	3659	-2156
868	-2020	3741	-2153
869	-2200	3902	-2094
870	-2380	4050	-2043
871	-2557	4191	-2039
872	-2557	4191	-2039
873	-2697	4303	-1959
874	-2811	4284	-1955
875	-2927	4372	-1896
876	-2927	4372	-1896
877	-2987	4434	-1923
878	-3123	4469	-1846
879	-3210	4527	-1819
880	-3291	4487	-1773
881	-3291	4487	-1773
882	-3393	4581	-1748
883	-3515	4702	-1667
884	-3609	4828	-1571
885	-3609	4828	-1571
886	-3677	4942	-1546
887	-3737	5018	-1435
888	-3811	5113	-1355
889	-3837	5201	-1263
890	-3837	5201	-1263
891	-3885	5238	-1193
892	-3943	5298	-1067
893	-3975	5325	-985
894	-3975	5325	-985
895	-4074	5343	-927
896	-4103	5387	-843
897	-4175	5367	-788
898	-4277	5382	-715
899	-4277	5382	-715
900	-4402	5375	-646
901	-4488	5319	-594
902	-4649	5235	-429
903	-4649	5235	-429
904	-4823	5122	-321
905	-4991	4943	-197
906	-5177	4766	-62
907	-5316	4637	94
908	-5316	4637	94
909	-5389	4509	306
910	-5456	4394	481
911	-5513	4278	625
912	-5513	4278	625
913	-5496	4141	802
914	-5493	3992	1008
915	-5473	3812	1137
916	-5452	3665	1258
917	-5452	3665	1258
918	-5389	3522	1366
919	-5343	3423	1488
920	-5285	3256	1552
921	-5285	3256	1552
922	-5192	3114	1618
923	-5112	2989	1689
924	-4988	2879	1731
925	-4916	2795	1794
926	-4916	2795	1794
927	-4828	2700	1825
928	-4727	2620	1847
929	-4633	2516	1868
930	-4633	2516	1868
931	-4535	2473	1923
932	-4419	2429	2010
933	-4327	2380	2135
934	-4202	2325	2251
935	-4202	2325	2251
936	-4084	2302	2308
937	-3978	2279	2401
938	-3889	2282	2380
939	-3889	2282	2380
940	-3803	2258	2378
941	-3759	2192	2369
942	-3653	2181	2422
943	-3653	2181	2422
944	-3573	2197	2502
945	-3445	2203	2566
946	-3314	2240	2613
947	-3137	2291	2727
948	-3137	2291	2727
949	-2969	2328	2863
950	-2823	2457	2949
951	-2697	2556	3013
952	-2589	2658	3040
953	-2589	2658	3040
954	-2449	2812	3074
955	-2403	2893	3122
956	-2378	2979	3142
957	-2378	2979	3142
958	-2318	3021	3132
959	-2255	3104	3160
960	-2204	3180	3147
961	-2204	3180	3147
962	-2173	3200	3139
963	-2202	3231	3181
964	-2201	3286	3226
965	-2206	3237	3193
966	-2206	3237	3193
967	-2230	3270	3180
968	-2294	3266	3182
969	-2295	3319	3167
970	-2328	3390	3212
971	-2328	3390	3212
972	-2389	3444	3229
973	-2385	3490	3242
974	-2372	3520	3193
975	-2372	3520	3193
976	-2363	3533	3176
977	-2377	3592	3216
978	-2348	3640	3159
979	-2358	3682	3231
980	-2358	3682	3231
981	-2421	3684	3216
982	-2452	3674	3193
983	-2484	3716	3182
984	-2484	3716	3182
985	-2496	3779	3208
986	-2504	3787	3183
987	-2437	3852	3210
988	-2403	3887	3169
989	-2403	3887	3169
990	-2383	4031	3173
991	-2376	4098	3194
992	-2405	4206	3160
993	-2405	4206	3160
994	-2516	4342	3103
995	-2639	4512	3051
996	-2687	4703	2964
997	-2759	4852	2936
998	-2759	4852	2936
999	-2742	4957	2891
1000	-2773	4995	2857
1001	-2776	5057	2842
1002	-2776	5057	2842
1003	-2775	5067	2817
1004	-2811	5125	2824
1005	-2820	5208	2765
1006	-2783	5311	2697
1007	-2783	5311	2697
1008	-2789	5421	2565
1009	-2792	5563	2492
1010	-2805	5607	2358
1011	-2805	5607	2358
1012	-2881	5675	2299
1013	-2834	5741	2241
1014	-2861	5803	2118
1015	-2861	5803	2118
1016	-2835	5912	1900
1017	-2879	6056	1742
1018	-2896	6108	1546
1019	-2887	6174	1515
1020	-2887	6174	1515
1021	-2846	6185	1513
1022	-2803	6191	1493
1023	-2791	6182	1426
1024	-2791	6182	1426
1025	-2792	6133	1437
1026	-2825	6121	1475
1027	-2861	6133	1544
1028	-2853	6115	1614
1029	-2853	6115	1614
1030	-2787	6122	1613
1031	-2762	6128	1661
1032	-2666	6106	1696
1033	-2666	6106	1696
1034	-2639	6110	1741
1035	-2612	6144	1632
1036	-2621	6201	1605
1037	-2636	6245	1484
1038	-2636	6245	1484
1039	-2614	6297	1419
1040	-2553	6321	1337
1041	-2476	6343	1324
1042	-2408	6388	1219
1043	-2408	6388	1219
1044	-2295	6400	1159
1045	-2253	6390	1113
1046	-2179	6434	1008
1047	-2179	6434	1008
1048	-2125	6470	895
1049	-2136	6500	775
1050	-2117	6501	672
1051	-2117	6501	672
1052	-2060	6540	461
1053	-2078	6528	399
1054	-2038	6502	222
1055	-1963	6543	178
1056	-1963	6543	178
1057	-1917	6515	68
1058	-1924	6501	-47
1059	-1898	6459	-130
1060	-1898	6459	-130
1061	-1908	6452	-268
1062	-1890	6448	-361
1063	-1826	6425	-491
1064	-1783	6404	-562
1065	-1783	6404	-562
1066	-1704	6374	-607
1067	-1672	6358	-644
1068	-1633	6305	-743
1069	-1633	6305	-743
1070	-1536	6234	-725
1071	-1419	6144	-812
1072	-1250	6020	-869
1073	-1055	5934	-888
1074	-1055	5934	-888
1075	-881	5786	-911
1076	-730	5652	-947
1077	-575	5520	-907
1078	-575	5520	-907
1079	-366	5377	-951
1080	-221	5192	-892
1081	-61	5033	-847
1082	69	4936	-786
1083	69	4936	-786
1084	200	4782	-722
1085	295	4657	-583
1086	486	4427	-444
1087	486	4427	-444
1088	597	4310	-362
1089	687	4149	-189
1090	741	3994	-39
1091	816	3870	81
1092	816	3870	81
1093	852	3725	160
1094	918	3550	277
1095	950	3512	302
1096	950	3512	302
1097	941	3470	381
1098	948	3483	452
1099	942	3459	491
1100	943	3454	520
1101	943	3454	520
1102	921	3450	558
1103	938	3373	626
1104	915	3320	715
1105	915	3320	715
1106	927	3239	787
1107	897	3180	797
1108	903	3122	841
1109	906	3081	906
1110	906	3081	906
1111	889	3087	898
1112	910	3052	1047
1113	893	2996	1118
1114	893	2996	1118
1115	905	2924	1189
1116	843	2849	1270
1117	851	2779	1385
1118	816	2744	1437
1119	816	2744	1437
1120	790	2700	1527
1121	737	2763	1621
1122	711	2845	1743
1123	711	2845	1743
1124	693	2918	1799
1125	646	3011	1903
1126	593	3064	2050
1127	539	3114	2151
1128	539	3114	2151
1129	492	3197	2235
1130	438	3196	2258
1131	376	3236	2336
1132	376	3236	2336
1133	355	3256	2409
1134	287	3293	2509
1135	219	3343	2569
1136	168	3407	2659
1137	168	3407	2659
1138	117	3516	2730
1139	18	3580	2748
1140	-91	3601	2839
1141	-91	3601	2839
1142	-162	3606	2902
1143	-209	3636	2959
1144	-274	3684	3045
1145	-324	3684	3036
1146	-324	3684	3036
1147	-393	3666	3109
1148	-424	3695	3137
1149	-474	3710	3190
1150	-474	3710	3190
1151	-489	3719	3231
1152	-600	3740	3271
1153	-635	3651	3315
1154	-717	3688	3342
1155	-717	3688	3342
1156	-792	3694	3416
1157	-914	3721	3462
1158	-989	3738	3498
1159	-989	3738	3498
1160	-1051	3737	3549
1161	-1134	3729	3566
1162	-1195	3700	3614
1163	-1264	3694	3586
1164	-1264	3694	3586
1165	-1349	3683	3667
1166	-1485	3660	3738
1167	-1584	3617	3732
1168	-1584	3617	3732
1169	-1726	3577	3825
1170	-1877	3536	3825
1171	-2019	3480	3860
1172	-2174	3398	3883
1173	-2174	3398	3883
1174	-2305	3324	3813
1175	-2455	3244	3781
1176	-2596	3160	3831
1177	-2596	3160	3831
1178	-2749	3055	3803
1179	-2915	3084	3800
1180	-3113	3109	3772
1181	-3264	3164	3723
1182	-3264	3164	3723
1183	-3415	3129	3684
1184	-3498	3027	3642
1185	-3607	2911	3543
1186	-3607	2911	3543
1187	-3729	2760	3455
1188	-3872	2590	3342
1189	-3935	2455	3215
1190	-3935	2455	3215
1191	-4027	2371	3148
1192	-4114	2353	3075
1193	-4175	2280	2938
1194	-4234	2207	2820
1195	-4234	2207	2820
1196	-4282	2099	2695
1197	-4309	1992	2591
1198	-4337	1930	2524
1199	-4418	1849	2363
1200	-4418	1849	2363
1201	-4454	1807	2254
1202	-4460	1736	2113
1203	-4444	1668	2021
1204	-4444	1668	2021
1205	-4445	1596	1839
1206	-4443	1551	1720
1207	-4461	1483	1638
1208	-4436	1464	1475
1209	-4436	1464	1475
1210	-4400	1401	1380
1211	-4360	1359	1303
1212	-4269	1316	1213
1213	-4269	1316	1213
1214	-4221	1250	1057
1215	-4127	1227	928
1216	-4112	1201	874
1217	-4079	1159	715
1218	-4079	1159	715
1219	-4027	1109	529
1220	-3947	1066	362
1221	-3890	1060	228
1222	-3890	1060	228
1223	-3876	1036	54
1224	-3794	1029	-150
1225	-3711	1089	-321
1226	-3675	1107	-524
1227	-3675	1107	-524
1228	-3591	1148	-743
1229	-3532	1202	-888
1230	-3414	1275	-1101
1231	-3414	1275	-1101
1232	-3338	1387	-1328
1233	-3245	1579	-1539
1234	-3168	1756	-1677
1235	-3079	1874	-1836
1236	-3079	1874	-1836
1237	-3057	2031	-1924
1238	-3013	2166	-2030
1239	-2979	2329	-2070
1240	-2979	2329	-2070
1241	-2937	2520	-2134
1242	-2883	2740	-2243
1243	-2786	2965	-2302
1244	-2721	3139	-2345
1245	-2721	3139	-2345
1246	-2641	3271	-2345
1247	-2568	3406	-2374
1248	-2469	3476	-2331
1249	-2469	3476	-2331
1250	-2400	3622	-2380
1251	-2359	3730	-2378
1252	-2351	3774	-2369
1253	-2291	3843	-2403
1254	-2291	3843	-2403
1255	-2285	3964	-2333
1256	-2282	4016	-2348
1257	-2261	4065	-2326
1258	-2261	4065	-2326
1259	-2246	4106	-2291
1260	-2205	4107	-2282
1261	-2227	4134	-2287
1262	-2227	4134	-2287
1263	-2294	4167	-2257
1264	-2341	4131	-2302
1265	-2382	4120	-2312
1266	-2484	4128	-2307
1267	-2484	4128	-2307
1268	-2540	4037	-2327
1269	-2638	3969	-2342
1270	-2714	3891	-2353
1271	-2714	3891	-2353
1272	-2779	3790	-2306
1273	-2851	3656	-2292
1274	-2926	3590	-2272
1275	-2985	3491	-2244
1276	-2985	3491	-2244
1277	-3091	3422	-2222
1278	-3225	3384	-2142
1279	-3330	3364	-2086
1280	-3330	3364	-2086
1281	-3460	3339	-2009
1282	-3620	3307	-1930
1283	-3786	3346	-1824
1284	-3891	3348	-1730
1285	-3891	3348	-1730
1286	-4018	3362	-1652
1287	-4159	3380	-1531
1288	-4246	3393	-1443
1289	-4246	3393	-1443
1290	-4417	3419	-1363
1291	-4500	3448	-1261
1292	-4592	3502	-1115
1293	-4734	3514	-1000
1294	-4734	3514	-1000
1295	-4822	3500	-886
1296	-4902	3490	-754
1297	-4984	3483	-579
1298	-4984	3483	-579
1299	-5069	3513	-425
